1313
1076
<!-- auto generated -->
2183
1068
1049
1254
1517
3548
1352
1783
2257
1217
933
2195
1622
1630
1674
1614
1065
2209
1493
2636
2114
1922
2355
3497
2197
2411
3311
2131
1532
3201
2976
2352
4015
3869
2349
2300
1644
2809
2083
1509
2590
2381
1989
1514
3065
2710
1983
1288
3833
6138
2349
3157
1028
1838
5288
5941
1670
1050
1053
2515
2324
1952
2226
2295
2336
2486
2358
2644
2478
2347
1848
2280
2334
2320
2143
1700
3200
2367
2398
1367
2239
2792
983
1507
1905
1124
711
640
1230
1277
689
1381
1616
1235
1023
871
1146
1095
1126
1438
1353
338
1690
561
1453
1119
1594
974
1327
1447
1600
1313
502
784
814
828
535.92
1587
1537
1362
1383
1294
1544
1736
579
935
1616
783
1583
1563
1491
1292
1829
1364
1272
852
893
1774
688
1125
1148
1144
748
795
1554
688
1290
859
1053
1130
1230
893
5105
1928
1210
1599
4189
3602
2772
3929
3911
5430
1477
2941
2327
7487
7211
1350
2107
1481
3392
9020
2983
1495
2294
4421
1499
2073
1489
2237
2517
1380
4846
2244
2109
2073
6935
1128
3730
1393
2728
1782
2605
2981
6334
1649
2826
4038
6551
1857
2507
2979
1998
5870
1262
2192
2084
1506
3084
3276
1845
2325
3221
2727
1929
1203
985
455
4732
4530
