1285
1074
<!-- auto generated -->
1064
1030
1253
1517
3534
1347
1678
2219
1215
926
2707
2133
1614
1626
1646
1469
1060
1891
2097
1438
2263
2059
2312
3254
2365
3244
2088
1493
2912
2585
2333
1180
3631
1532
2288
2260
1641
887
1988
1443
2555
1961
1975
918
2973
2626
1264
3391
1250
2285
3148
828
1773
3823
2703
1662
1047
1023
2514
2236
1943
2265
2334
2461
2355
2280
2580
2445
2328
1842
2255
2301
2141
1690
3191
2366
2356
652
2076
2773
975
1503
1901
1121
708
579
1190
1187
689
1378
1600
1234
935
818
1075
1122
1411
1352
335
1644
1450
1114
1587
972
1291
1443
1598
1218
423
773
709
800
518.54
1586
1455
1347
1381
1260
1497
1729
576
934
1610
726
1582
1561
1436
1291
1825
1322
1269
789
865
1765
687
1111
1125
1125
747
784
1551
688
1243
851
1052
1023
1227
874
5082
1833
1192
1598
4181
3595
2608
3738
3895
5423
1474
2852
2244
7437
7190
1346
2097
1477
3384
8989
2945
2072
1488
2170
4247
1497
1459
2171
2514
1372
4841
2230
2105
1919
6917
1126
3721
1313
4696
2631
1768
2590
4506
2967
5964
1615
2664
4034
6405
1781
2481
1906
5824
1219
2121
2058
1459
3070
3260
1834
3198
2176
1127
1901
2169
1513
1872
2211
505
417
2843
2288
