12
1
8
83
9
166
12
1461
1
62
706
22
3
16
27
1
29
0
8
15
8
3
5
7
16
2
2
0
2
2
5
2
41
15
1
6
2
189787
43
1
3
7
146
184
136
154
4
24
8
431
3
1
7
14
47
14
17
17
29
13
2
11
48
11
24
7
8
6
56
411
9
5
9
3
6
2
2
1
21
48
27
11
19
87
20
12
35
14
13
21
158
211
25
106
67
258
15
3
6
214
36
2
12
14
25
43
21
144
22
8
10
17
94
11
18
3
26
16
15
884
111
151
8
9
148
902
24
15
1
742
37
26
13
162
5
26
1
35
32
43
9
171
1887
25
3
77
25
565
1250
1
0
3
4
18
384
17
107
25
180
309
8
53
28
5
5
1
10
0.18
25
1
12
11
3
1
0
12
1
0
34
2
26
40
6
1
1
53
1
2
6
1
3
6
0
32
1
2
16
1
6
1
11
1
10
2
69
1
0
1
2
10
23
520
25
13
0
7
2
30
8
1
3.78
3
0
16
276
63
7
1
3
2
2
1
1
24
15
35
0
1
5
0
34
7
8
1
10
.4
1
18
22
1
2
3
1
14
2
0
1
37
30
4
41
11
24.5
6.71
0
32
6
1
13
18
3
1
2
22
0
1
21
.4
2
16
1
24
11
3
0
6
9
7
0
4
1
0
18
0
41
1
7
9
<1
36
7
1
3
3
63
74
6
3
1
34
32
19
8
1
4
2
3
12
15
3
48
67
<1
12
25
1
3
2
6
2
59
7
1
4
31
14
38
5
6
9
6
143
63
1
56
29
10
53
36
18
17
18|
10
18
5
6
4
39
59
7
11
21
14
8
2
0
17
3
3
17
9
20
7
8
1
17
22
15
3
13
28
