707
496
415
648
599
458
287
1298
912
494
870
840
659
816
460
970
411
474
405
398
695
197
571
891
345
480
518
484
401
584
1365
520
648
857
988
1176
6647
605
601
358
1045
936
1322
1874
572
688
823
596
1596
623
625
694
1238
553
535
614
582
595
981
628
636
1079
1113
562
10203
609
805
977
567
1233
1026
719
881
581
641
409
384
591
905
740
718
1324
794
889
3044
2896
837
949
11205
4500
9203
13311
626
920
666
426
938
251
730
1015
2082
4008
5340
2686
2860
751
556
810
555
874
795
734
975
893
1256
838
913
586
1253
806
576
232
1124
998
901
455
1402
592
883
873
343
768
557
987
757
763
354
584
1148
1014
648
488
1309
483
882
774
1216
320
684
1476
1044
556
642
664
2159
2120
1764
2089
1400
2126
208
711
2204
1821
869
635
404
270
250.87
191
473
395
426
566
970
26
1123
903
2358
863
918
895
794
2636
1175
3855
1057
4764
891
849
902
750
931
2265
937
4571
678
899
835
854
895
875
901
950
1013
889
909
3812
900
1052
937
512
996
944
6193
899
711
880
871
888
826
652.59
1232
914
910
252
802
1071
583
377
580
734
433
273
224
459
458
266
532
476
361
316
435
415
433
545
522
195
560
430
613
375
498
557
282
617
470
298
inowbenino274
309
532.2
200.21
613
563
520
533
487
578
668
222
361
622
280
611
603
555
499
704
510
490
305
334
682
265
429
434
434
289
302
599
266
480
329
406
395
474
338
1962
708
460
617
1614
1388
1007
1443
1504
2094
569
1101
866
2872
2776
520
810
570
1306
3471
1137
800
575
838
1640
578
563
838
971
530
1869
861
813
741
2670
435
1437
507
1813
1016
683
1000
1740
1146
2303
624
1029
1558
2473
688
958
1098
736
2249
471
819
794
563
1185
1259
708
718
699
799
1025
729
883
675
450
1081
460
413
982
1235
419
469
634
618
129
635
163
161
