31
3
<!-- auto generated -->
7
4
20
1
5
14
5
106
38
2
7
19
63
8
4
28
5
39
112
55
373
56
20
44
243
28
67
43
39
288
391
19
23
2337
61
31
3
1921
95
67
33
420
14
68
2
92
111
24
442
4888
64
9
200
65
1
3237
8
3
1
30
88
8
15
30
2
25
3
0
65
34
19
6
78
20
2
10
9
0
42
715
163
19
7
4
4
4
3
61
40
90
0
3
13
1
53
19
21
4
27
1
3
57
2
5
7
2
36
4
2
95
79
11
105
28
0
82
15
2
34
48
7
3
2
6
57
1
2
55
1
4
41
4
63
29
9
1
15
23
19
1
12
2
0
47
7
1
107
3
19
23
94
17
2
8
1
7
164
191
16
7
3
88
83
49
21
4
10
4
8
31
39
7
124
174
1
31
66
3
7
5
15
4
154
18
2
9
81
37
97
14
14
24
14
370
34
162
4
146
76
26
136
92
44
71
27
47
16
11
37
23
88
46
384
84
46
17.38
38
46
14
