724
507
416
656
682
468
453
1310
2373
843
495
932
1366
839
476
997
412
503
405
405
710
206
575
423
898
361
483
520
484
403
586
1370
522
689
871
989
1182
6649
606
644
470
360
1053
1082
1506
2010
725
692
848
604
2027
626
626
701
1253
600
549
632
599
624
993
629
647
1127
1124
10227
616
813
983
623
1644
1035
724
890
584
647
411
386
591
913
760
766
1351
805
907
3132
2916
849
984
11218
4513
9224
13469
837
945
772
494
1196
745
1017
2088
4222
5376
2688
2871
765
580
853
576
1018
742
984
909
1350
848
931
589
1278
823
1116
1236
1149
908
464
1550
1494
907
888
635
1085
804
583
1000
919
380
585
1183
1046
766
497
1480
2370
907
796
1219
397
710
2042
2294
502
556
645
668
2178
2504
1781
2196
1425
2307
517
718
2257
1849
874
641
405
280
251.04
216
474
407
437
569
971
26
1135
904
2358
897
920
921
835
2642
1176
3856
1110
4765
893
855
903
754
937
2265
970
4572
680
915
836
859
896
886
902
960
1015
958
910
3813
902
1062
960
1032
1021
957
6193
906
713
880
901
896
827
656.37
1236
914
926
528
864
1078
584
379
582
736
434
275
247
475
493
266
533
624
477
395
336
442
423
435
555
522
130
653
217
561
432
616
376
512
559
282
618
507
194
303
314
320
556.7
206.92
613
593
526
534
500
596
670
224
361
626
302
611
604
576
499
706
526
491
329
345
685
265
434
443
442
289
307
600
266
498
332
407
436
475
345
1971
744
467
617
1617
1070
1517
1510
2097
570
1135
898
2891
2784
521
814
572
1310
3482
1152
577
866
1707
579
800
575
864
972
533
1871
867
814
800
2678
436
1440
538
1827
1053
688
1006
1749
1151
2446
637
1091
1559
2529
717
968
1150
771
2266
487
846
805
581
1265
713
757
758
806
1036
751
898
683
452
1081
477
415
984
1244
568
268
816
592
768
176
1191
1731|
 area_land_sq_mi = 1713 |
