1917
47
<!--raw format only -->
209
99
42
49
<!--raw format only -->
72
47
2.5
176
29
80
305
11
31
74
49
1785
72
33
30
49
22
1.7
23
332.3
117
87
4
261
1755
9.5
4.3
12.4
30.4
20
169
24
37
46
13
66
17
13
83
64
33
36
45
35
31
140
34
24
59
32
133
19
4
30
54
58
43
10
135
10
33.07
57.92
97
28
20
10
16.16
19
237
99.1
363
2571
0.46
1990
1.9
3.5
0.73
1
21
0.97
8.1
5
23
764
21.7
0.7803
37
34
40/sq&nbsp;mi
1.4
12
5
65
3
36.1
31
2
9.6
89
100
52
61
60
23
88
20
80
112
27
43
40
413.0
114
144
90
37
18
46
60
38
44
61
57
44
114
113
71
56
165
65
58
49
59
162
36
33.7
40.4
36
55
49
37
110
44
42
30
361
40
101
74
48
80
71
33
41
73
88
35
69
55
112
36
54
119
49
48
83
112
30
42
79
211
1.3
8
12
6
2
2
2
2
5
5
2
4
2
1.17
31.90
5
183
2
1
7
1
4
3
1
42
13
3
1
2
1.5676
1
4
22
0.3
7
3
5
1
2
12
3
4
4
3
7
6
4.67
1.7
38
4
8
2
4
4
6
36
13
3
14
4
50
14.6
97
35
26
57
69
