87
740
55
487
122
1796
25
617
47
28
431
161
81
78
29
38
29.8
32
16
28
44
18
16
21
29
4
28
60
18
68
11
31
1
1
4
90
12
29
19
70
50
7
100
220
20
687
27
34| density_sq_mi =88
13
57| density_sq_mi=22
4
17
75
8| density_sq_mi=20
75
16
8
11
19
9
11.2
86
133
9
6
9
15
14
45
9
6
18
11
53.6
34
6
2
232
191
2
2
153
4.4967
545
76
150
453
64.4
19
1
27
251
8
65
9
14
14
8
18
5
25
6
12
5
32
25
137
13
14
18
13
12
54
13
9
10
23
12
51
7
9
12
21
22
17
4
52
4
12.77
38
26
11
8
4
6.24
20
7
28
30
112
3
315
133
1
1
7
2
13
38.2
15
178
114
993
13
3087
768
14
1
4
12
2
9
1
15
3
2
8
15
20
27
4
3.1
2
2
9
266
8.4
3
14
17
13
16
13
15/km²
03
5
2
25
1
??
12
1
3.7
34
39
20
84
24
23
9
34
8
43
10
17
15
44
56
35
14
7
18
23
15
17
24
17
44
44
28
22
64
16
25
22
19
23
62
14
15.6
14
21
19
14
42
17
12
139
15
39
28
19
31
27
16
28
34
22
27
21
43
14
27
46
19
19
32
43
12
16
31
82
0.5
3
4
2
1
1
1
1
2
2
1
2
1
0.45
12.31
2
71
1
0
3
<1
2
1
<1
16
5
1
<1
1
0.6052
<1
2
9
0.1
3
1
2
<1
1
4
1
2
1
1
3
2
1.803
0.7
2
3
1
2
2
3
8|
5
1
5
2
119
89
21
139
25
19
33
6
79
44
18
38
1.0
230| density_sq_mi= 595|
16
678
26
31
22
13
14
21
15
14
