225
245
200
250
200
250
250
250
225
225
167
167
225
225
225
150
265
150
250
200
150
150
225
175
150
150
150
150
150
150
150
150
150
150
150
150
175
175
175
155
175
225
175
175
175
175
175
175
225
125
225
150
200
200
150
250
250
225
225
250
250
250
250
250
300
200
225
225
225
200
225
225
225
225
225
225
225
225
225
225
225
225
225
200
250
225|
200
250
250
250
225
250
250
250
250
250
250
250
250
250
250
250
265
250
250
250
250
265
250
225
265
250
200
250
250
250
250
250
265
250
250
260
200
200
200
225
225
225
225
225
225
225
225
225
225
