158422
971600
59209
29846
789814
145,113
1334544
83955
1419369
60370
63303 <!--numbers only-->
735343
341367
96501
73966
40543
36633
33866
16798
48942
9634
64753
18979
37914
18812
36019
34726
62315
27330
3476
91292
18643
68277
2236
18078
14254
140814
14560
26556
56763
170498
172493
11714
561606|hh
372,057
34844
1,482,478
43671
165100
20826
39593
27867
23988 woz
103459
24843
54984
46365
18495
31223
53926
662047
16310
17136
135883
276700
22539
87185
406309
24324
11861
20949
22380
49756
47910
33337
13173
14798
80321
41475
184035
70713
13183
12853
16673
470,658
19715
69423
3072149
155032
882567 <!--pop survey 2006 905,000-->
182193
259088
500265
156638
65514
1281666
49984
19742
18251
66533
81607
5887
51731
380629
16036
93759
21033
28056
27010
40664
16196
55225
15347
17924
15822
67182
36804
82317
36776
35634
40899
15832
43384
82887
29641
20740
16137
20187
24316
74021
19100
6861
22780
19105
33647
49,597
10024
97296
5088
43287
27961
85897
52468
33557
40631
13804
15013
16866
25708
9,719
20203
47579
42,689
200,434
468,684
711,100
12,946
1,916,441
81,054
2101
7,520
37565
4,040
21432
40123
8809
70910
124,166
91,011
100720
1037605
316000
18419
209,300
394,193
1081
1,717,435
33627
1693
9674
25224
13137
20785
3326
7304
41133
16809
6550
4253
859
15446
2258
35604
3344
149,476
62110
8229
6928
4872
354452
4334
21804
755085
628300
19713
2975
7072
32300
46659
30438
20647
42896
37674
9481
729
8418
4093
57733
6594
23590
38628
2148
8854
22497
81,557
55109
171,452 (est.)
23102
34895
16842
38276
5508
17808
51271
12370
11370
21127
257,048
54433
51910
28400
16050
7631
20118
32450
19757
5740
38961
11086
24653
49015
69,498
26767
27776
91837
11367
39926
27101
7954
17499
44294
17929
8088
22295
31115
25522
19797
53563
25578
28105
6786
58128
14332
62909
20659
29447
39270
16625
28804
37279
43156
17423
11731
46802
14532
48014
33565
29862
15540
35912
29475
12826
87966
12367
16537
37586
71330
2519
5974
12584
8849
6430
9050
1556
2772
7454
12466
2675
10016
2693
3363
88565
6595
183048
2884
2083
24253
2904
5832
4576
3895
24131
21802
11276
5815
1193
2295
2930
1671
8075
16481
1353
3139
3741
5540
2196
4792
7847
7453
4367
5972
4498
6267
7275
4181
25897
4143
9350
1782
9094
2032
5364
35204|
28220
7260
3574
17023
3058
216014
173550
42768
369993
47722
43863
57565
6556
18080
94556
46486
45936
120044
175766
5223
363857
115959
502266
19680
10984
48152
39854
2640
